
--- Dataset Train ---
Model                  Accuracy Precision Recall F1-score   MCC
DecisionTreeClassifier     0.21      0.21   0.21     0.21  0.15

--- Dataset Train ---
Model                  Accuracy Precision Recall F1-score   MCC
DecisionTreeClassifier     0.21      0.21   0.21     0.21  0.15

Detailed results for DecisionTreeClassifier:
Confusion Matrix:
29.78 8.38 3.25 11.79 2.79 2.04 3.21 3.37 3.13 6.33 5.41 8.24 6.14 6.13
10.91 27.64 5.97 15.87 5.07 3.79 3.75 2.37 0.78 6.43 3.59 5.30 4.67 3.86
10.14 9.61 17.73 18.29 5.36 5.55 2.59 3.40 2.15 5.98 3.80 5.62 4.85 4.94
10.97 8.96 9.71 33.67 6.62 3.96 3.48 2.65 2.01 4.27 2.36 3.55 3.99 3.79
13.09 7.26 4.06 10.67 17.26 7.05 6.80 2.47 3.24 5.41 4.26 4.54 4.57 9.33
11.52 4.81 4.13 7.57 7.79 15.86 10.20 3.97 4.02 5.48 4.39 6.08 4.25 9.93
8.79 5.22 3.77 8.27 7.21 7.89 19.33 3.46 2.32 5.32 4.30 7.23 6.91 9.97
11.59 3.24 5.65 5.26 5.35 4.47 11.92 11.77 5.19 6.63 7.29 8.19 3.84 9.60
11.94 5.30 5.47 5.57 5.77 3.33 4.72 5.27 11.52 8.91 9.55 9.91 4.94 7.81
9.00 6.23 5.36 6.18 4.35 2.26 3.60 3.57 5.72 18.83 11.53 10.02 5.99 7.36
10.42 6.94 2.82 4.43 6.09 3.58 2.36 3.50 5.44 10.28 20.26 10.41 5.48 7.99
9.21 6.99 4.11 6.40 2.88 2.65 4.34 4.01 3.64 6.87 6.50 24.45 8.87 9.08
8.36 5.84 3.86 6.76 3.71 1.62 5.99 3.18 4.91 5.57 5.93 11.48 20.09 12.70
7.64 4.41 2.40 3.13 4.40 4.23 6.41 3.45 4.48 4.01 6.33 11.35 9.02 28.74

RandomForestClassifier     0.21      0.22   0.21     0.21  0.16

Detailed results for RandomForestClassifier:
Confusion Matrix:
26.16 10.78 4.02 14.50 1.65 2.06 2.87 2.86 3.37 3.85 5.28 9.97 6.16 6.48
9.19 34.39 8.48 12.14 4.16 3.83 3.35 1.30 0.97 3.55 3.59 6.49 4.40 4.16
9.41 13.73 20.07 16.56 4.50 5.58 2.49 2.22 2.57 3.11 3.72 6.54 4.88 4.62
7.70 14.15 10.36 37.15 3.82 3.96 3.54 1.07 2.03 2.15 2.32 4.11 4.01 3.63
11.00 9.07 4.50 13.11 14.43 7.08 6.80 2.36 4.50 3.59 4.26 5.69 4.58 9.02
9.04 6.38 4.58 9.53 6.17 15.99 9.97 3.62 6.14 3.74 4.38 6.55 4.24 9.67
6.84 6.54 5.60 8.75 4.89 7.91 18.72 2.99 3.79 3.73 4.32 8.27 6.89 10.75
8.24 4.18 6.05 8.63 4.08 4.47 10.72 10.36 7.21 4.77 7.23 10.04 3.87 10.14
9.95 6.36 5.32 7.85 5.00 3.41 4.48 4.45 12.88 7.46 9.52 11.80 4.63 6.89
10.52 7.60 6.29 7.33 4.10 2.25 3.63 2.97 5.50 14.99 11.49 11.04 5.74 6.56
11.26 7.42 3.87 4.86 5.98 3.59 2.20 3.06 4.83 8.32 20.48 11.22 5.44 7.46
9.38 7.25 4.53 7.44 2.64 2.64 4.13 3.47 2.89 5.19 6.47 26.89 8.47 8.62
8.36 6.63 4.09 8.63 3.01 1.64 5.53 2.57 3.93 4.04 5.97 12.92 19.99 12.69
8.07 4.38 1.94 4.89 3.92 4.25 5.47 3.39 4.30 2.99 6.34 12.38 9.28 28.41

ExtraTreesClassifier       0.21      0.21   0.21     0.20  0.15

Detailed results for ExtraTreesClassifier:
Confusion Matrix:
25.24 8.51 2.74 22.19 1.51 2.01 2.62 2.92 3.42 3.83 4.08 10.19 4.71 6.04
9.16 30.58 7.33 19.12 3.54 3.63 2.17 1.57 0.98 3.57 2.75 7.69 3.63 4.27
8.95 11.68 17.99 25.64 3.28 3.80 1.64 2.70 2.82 3.09 2.82 7.30 4.41 3.87
7.04 10.58 7.85 48.98 2.66 2.89 3.21 1.72 2.13 2.13 1.88 4.40 2.15 2.38
10.84 8.34 3.70 18.89 11.81 6.09 6.01 3.67 4.62 3.62 4.49 6.40 3.88 7.63
8.74 6.38 5.30 14.23 5.11 13.50 9.25 3.97 6.74 3.77 4.03 6.98 3.04 8.97
6.34 6.03 6.43 12.10 4.30 6.85 16.72 3.80 3.77 3.77 3.52 9.94 5.65 10.79
8.20 3.37 5.59 12.23 2.53 3.68 9.52 12.31 7.31 4.79 6.33 11.01 3.72 9.41
9.81 5.29 4.72 12.26 3.77 2.60 3.96 5.06 12.84 7.45 8.97 12.01 4.52 6.76
10.37 6.53 6.12 10.79 3.72 1.91 3.13 3.21 5.52 14.97 9.80 11.49 6.43 6.01
10.96 6.85 4.38 9.38 5.89 2.74 1.94 3.73 4.28 8.31 18.55 11.53 4.99 6.47
9.12 6.90 4.91 10.23 2.51 1.58 2.62 3.46 2.79 5.18 5.42 28.38 8.75 8.15
7.96 5.72 3.79 14.03 3.03 0.86 4.09 2.79 4.15 4.03 4.83 14.08 17.59 13.06
7.74 4.26 1.82 9.23 3.31 3.43 4.43 4.82 4.25 2.99 5.65 13.38 7.96 26.72


Best performing model: RandomForestClassifier

--- Dataset AGG Median ---
Model                  Accuracy Precision Recall F1-score   MCC
DecisionTreeClassifier     0.21      0.21   0.21     0.21  0.15

Detailed results for DecisionTreeClassifier:
Confusion Matrix:
29.78 8.38 3.25 11.79 2.79 2.04 3.21 3.37 3.13 6.33 5.41 8.24 6.14 6.13
10.91 27.64 5.97 15.87 5.07 3.79 3.75 2.37 0.78 6.43 3.59 5.30 4.67 3.86
10.14 9.61 17.73 18.29 5.36 5.55 2.59 3.40 2.15 5.98 3.80 5.62 4.85 4.94
10.97 8.96 9.71 33.67 6.62 3.96 3.48 2.65 2.01 4.27 2.36 3.55 3.99 3.79
13.09 7.26 4.06 10.67 17.26 7.05 6.80 2.47 3.24 5.41 4.26 4.54 4.57 9.33
11.52 4.81 4.13 7.57 7.79 15.86 10.20 3.97 4.02 5.48 4.39 6.08 4.25 9.93
8.79 5.22 3.77 8.27 7.21 7.89 19.33 3.46 2.32 5.32 4.30 7.23 6.91 9.97
11.59 3.24 5.65 5.26 5.35 4.47 11.92 11.77 5.19 6.63 7.29 8.19 3.84 9.60
11.94 5.30 5.47 5.57 5.77 3.33 4.72 5.27 11.52 8.91 9.55 9.91 4.94 7.81
9.00 6.23 5.36 6.18 4.35 2.26 3.60 3.57 5.72 18.83 11.53 10.02 5.99 7.36
10.42 6.94 2.82 4.43 6.09 3.58 2.36 3.50 5.44 10.28 20.26 10.41 5.48 7.99
9.21 6.99 4.11 6.40 2.88 2.65 4.34 4.01 3.64 6.87 6.50 24.45 8.87 9.08
8.36 5.84 3.86 6.76 3.71 1.62 5.99 3.18 4.91 5.57 5.93 11.48 20.09 12.70
7.64 4.41 2.40 3.13 4.40 4.23 6.41 3.45 4.48 4.01 6.33 11.35 9.02 28.74

RandomForestClassifier     0.21      0.22   0.21     0.21  0.16

Detailed results for RandomForestClassifier:
Confusion Matrix:
26.16 10.78 4.02 14.50 1.65 2.06 2.87 2.86 3.37 3.85 5.28 9.97 6.16 6.48
9.19 34.39 8.48 12.14 4.16 3.83 3.35 1.30 0.97 3.55 3.59 6.49 4.40 4.16
9.41 13.73 20.07 16.56 4.50 5.58 2.49 2.22 2.57 3.11 3.72 6.54 4.88 4.62
7.70 14.15 10.36 37.15 3.82 3.96 3.54 1.07 2.03 2.15 2.32 4.11 4.01 3.63
11.00 9.07 4.50 13.11 14.43 7.08 6.80 2.36 4.50 3.59 4.26 5.69 4.58 9.02
9.04 6.38 4.58 9.53 6.17 15.99 9.97 3.62 6.14 3.74 4.38 6.55 4.24 9.67
6.84 6.54 5.60 8.75 4.89 7.91 18.72 2.99 3.79 3.73 4.32 8.27 6.89 10.75
8.24 4.18 6.05 8.63 4.08 4.47 10.72 10.36 7.21 4.77 7.23 10.04 3.87 10.14
9.95 6.36 5.32 7.85 5.00 3.41 4.48 4.45 12.88 7.46 9.52 11.80 4.63 6.89
10.52 7.60 6.29 7.33 4.10 2.25 3.63 2.97 5.50 14.99 11.49 11.04 5.74 6.56
11.26 7.42 3.87 4.86 5.98 3.59 2.20 3.06 4.83 8.32 20.48 11.22 5.44 7.46
9.38 7.25 4.53 7.44 2.64 2.64 4.13 3.47 2.89 5.19 6.47 26.89 8.47 8.62
8.36 6.63 4.09 8.63 3.01 1.64 5.53 2.57 3.93 4.04 5.97 12.92 19.99 12.69
8.07 4.38 1.94 4.89 3.92 4.25 5.47 3.39 4.30 2.99 6.34 12.38 9.28 28.41

ExtraTreesClassifier       0.21      0.21   0.21     0.20  0.15

Detailed results for ExtraTreesClassifier:
Confusion Matrix:
25.24 8.51 2.74 22.19 1.51 2.01 2.62 2.92 3.42 3.83 4.08 10.19 4.71 6.04
9.16 30.58 7.33 19.12 3.54 3.63 2.17 1.57 0.98 3.57 2.75 7.69 3.63 4.27
8.95 11.68 17.99 25.64 3.28 3.80 1.64 2.70 2.82 3.09 2.82 7.30 4.41 3.87
7.04 10.58 7.85 48.98 2.66 2.89 3.21 1.72 2.13 2.13 1.88 4.40 2.15 2.38
10.84 8.34 3.70 18.89 11.81 6.09 6.01 3.67 4.62 3.62 4.49 6.40 3.88 7.63
8.74 6.38 5.30 14.23 5.11 13.50 9.25 3.97 6.74 3.77 4.03 6.98 3.04 8.97
6.34 6.03 6.43 12.10 4.30 6.85 16.72 3.80 3.77 3.77 3.52 9.94 5.65 10.79
8.20 3.37 5.59 12.23 2.53 3.68 9.52 12.31 7.31 4.79 6.33 11.01 3.72 9.41
9.81 5.29 4.72 12.26 3.77 2.60 3.96 5.06 12.84 7.45 8.97 12.01 4.52 6.76
10.37 6.53 6.12 10.79 3.72 1.91 3.13 3.21 5.52 14.97 9.80 11.49 6.43 6.01
10.96 6.85 4.38 9.38 5.89 2.74 1.94 3.73 4.28 8.31 18.55 11.53 4.99 6.47
9.12 6.90 4.91 10.23 2.51 1.58 2.62 3.46 2.79 5.18 5.42 28.38 8.75 8.15
7.96 5.72 3.79 14.03 3.03 0.86 4.09 2.79 4.15 4.03 4.83 14.08 17.59 13.06
7.74 4.26 1.82 9.23 3.31 3.43 4.43 4.82 4.25 2.99 5.65 13.38 7.96 26.72


Best performing model: RandomForestClassifier

--- Dataset AGG Median ---
Model                  Accuracy Precision Recall F1-score   MCC
DecisionTreeClassifier     0.22      0.22   0.22     0.21  0.16

Detailed results for DecisionTreeClassifier:
Confusion Matrix:
33.85 6.57 3.60 9.08 2.84 2.08 2.90 3.77 3.19 6.43 5.28 8.15 6.13 6.13
13.79 30.59 7.80 8.06 4.96 3.83 3.40 2.80 0.87 6.56 3.58 5.29 4.57 3.89
12.02 11.82 20.90 10.97 5.22 5.64 2.50 3.48 2.19 6.06 3.72 5.58 4.85 5.03
13.23 11.21 11.84 26.83 6.50 3.97 3.59 2.67 2.07 4.43 2.30 3.53 3.99 3.83
14.48 7.67 5.30 7.51 17.33 7.03 6.85 2.46 3.26 5.44 4.28 4.50 4.55 9.36
12.22 5.40 4.72 5.60 7.76 16.00 9.98 4.16 4.02 5.50 4.38 6.06 4.25 9.95
9.58 5.75 4.79 5.52 7.11 7.89 18.75 4.46 2.38 5.38 4.33 7.20 6.89 9.97
11.85 3.33 6.15 4.14 5.38 4.45 10.77 13.24 5.23 6.58 7.25 8.19 3.82 9.60
12.29 5.21 5.55 4.86 5.77 3.40 4.51 5.57 11.87 8.90 9.52 9.84 4.93 7.77
9.19 6.72 5.30 5.24 4.36 2.25 3.64 3.59 5.79 19.07 11.50 9.96 5.99 7.41
11.55 5.94 3.05 3.75 6.13 3.60 2.23 3.67 5.51 10.25 20.45 10.46 5.41 7.99
10.01 6.45 4.52 5.53 2.95 2.65 4.17 4.25 3.65 6.91 6.48 24.59 8.82 9.03
9.38 5.60 4.01 5.70 3.74 1.65 5.55 3.65 4.94 5.65 5.98 11.45 20.04 12.67
8.07 4.07 2.45 2.82 4.36 4.26 5.52 4.44 4.50 4.02 6.35 11.36 8.99 28.77

RandomForestClassifier     0.22      0.22   0.22     0.21  0.16

Detailed results for RandomForestClassifier:
Confusion Matrix:
33.78 6.54 3.59 9.06 2.84 2.12 2.90 3.40 3.21 6.43 5.30 8.18 6.13 6.52
13.75 30.55 7.82 8.04 4.94 3.86 3.38 2.35 0.88 6.57 3.61 5.30 4.57 4.38
11.98 11.75 20.87 10.92 5.24 5.66 2.54 3.36 2.22 6.09 3.74 5.63 4.86 5.14
13.20 11.16 11.85 26.78 6.50 3.99 3.55 2.69 2.08 4.45 2.36 3.55 3.98 3.87
14.43 7.65 5.28 7.48 17.30 7.06 6.85 2.43 3.28 5.47 4.29 4.53 4.56 9.40
12.19 5.36 4.69 5.60 7.73 16.05 9.97 3.98 4.04 5.53 4.38 6.09 4.25 10.14
9.55 5.67 4.77 5.52 7.13 7.88 18.77 3.50 2.39 5.40 4.35 7.22 6.90 10.96
11.83 3.33 6.11 4.13 5.38 4.47 10.74 11.94 5.26 6.60 7.25 8.21 3.84 10.92
12.26 5.18 5.55 4.86 5.74 3.41 4.50 5.30 11.89 8.91 9.54 9.89 4.94 8.04
9.17 6.69 5.26 5.24 4.34 2.27 3.64 3.56 5.78 19.09 11.51 10.01 6.00 7.44
11.51 5.91 3.05 3.75 6.13 3.63 2.23 3.51 5.51 10.25 20.49 10.47 5.42 8.15
10.00 6.44 4.49 5.52 2.97 2.65 4.16 4.01 3.65 6.94 6.48 24.62 8.82 9.26
9.35 5.57 4.04 5.70 3.74 1.64 5.55 3.16 4.94 5.65 5.98 11.45 20.06 13.18
8.05 4.07 2.46 2.82 4.36 4.26 5.51 3.50 4.51 4.02 6.34 11.38 8.99 29.74

ExtraTreesClassifier       0.22      0.22   0.22     0.21  0.16

Detailed results for ExtraTreesClassifier:
Confusion Matrix:
33.85 6.57 3.60 9.08 2.84 2.08 2.90 3.77 3.18 6.43 5.28 8.15 6.13 6.13
13.79 30.60 7.80 8.06 4.95 3.83 3.40 2.80 0.87 6.56 3.58 5.29 4.57 3.89
12.03 11.83 20.90 10.97 5.22 5.64 2.50 3.47 2.19 6.06 3.72 5.58 4.85 5.04
13.23 11.20 11.84 26.82 6.51 3.97 3.59 2.67 2.08 4.44 2.31 3.54 3.97 3.82
14.48 7.67 5.30 7.50 17.33 7.03 6.84 2.46 3.27 5.44 4.28 4.50 4.55 9.36
12.22 5.40 4.72 5.60 7.76 16.00 9.98 4.16 4.02 5.50 4.38 6.06 4.25 9.95
9.58 5.75 4.78 5.52 7.11 7.89 18.75 4.46 2.38 5.38 4.32 7.20 6.89 9.97
11.85 3.34 6.15 4.13 5.38 4.46 10.77 13.23 5.23 6.58 7.25 8.19 3.82 9.60
12.29 5.21 5.55 4.86 5.77 3.40 4.51 5.57 11.87 8.90 9.52 9.85 4.93 7.77
9.19 6.72 5.30 5.24 4.37 2.25 3.64 3.59 5.78 19.07 11.50 9.96 5.99 7.41
11.55 5.94 3.05 3.76 6.13 3.60 2.23 3.67 5.51 10.25 20.45 10.46 5.41 7.99
10.01 6.45 4.52 5.53 2.96 2.65 4.16 4.25 3.65 6.91 6.47 24.59 8.82 9.03
9.37 5.60 4.04 5.70 3.74 1.64 5.55 3.65 4.94 5.65 5.99 11.45 20.02 12.67
8.07 4.07 2.45 2.82 4.36 4.26 5.52 4.43 4.50 4.02 6.35 11.36 8.99 28.77

Bagging                    0.22      0.22   0.22     0.21  0.15

Detailed results for Bagging:
Confusion Matrix:
27.58 8.46 3.61 9.09 4.45 2.14 2.99 3.42 5.68 6.40 4.82 8.19 6.63 6.53
11.22 32.10 7.81 8.08 5.53 3.87 3.42 2.36 1.23 6.53 3.48 5.30 4.69 4.38
9.87 12.29 20.82 10.98 6.03 5.67 2.55 3.40 2.91 6.18 3.53 5.60 5.09 5.09
11.42 11.96 11.85 26.86 6.81 4.00 3.55 2.71 2.65 4.45 2.30 3.55 4.01 3.88
10.45 8.29 5.26 7.48 18.83 7.06 6.91 2.30 5.16 5.50 4.02 4.52 4.84 9.38
8.80 5.95 4.69 5.61 8.36 16.04 9.99 3.98 6.18 5.55 4.37 6.09 4.26 10.13
6.50 6.22 4.74 5.53 8.12 7.89 18.81 3.41 3.97 5.41 4.07 7.23 7.16 10.94
8.62 3.41 6.09 4.12 6.85 4.47 10.74 11.82 7.03 6.65 6.84 8.21 4.29 10.87
8.82 5.26 5.55 4.87 6.77 3.43 4.53 5.20 14.22 8.94 9.05 9.89 5.44 8.02
7.26 6.77 5.23 5.24 5.62 2.26 3.66 3.57 6.30 19.17 10.41 9.96 7.11 7.42
9.13 6.87 3.01 3.79 6.84 3.65 2.22 3.52 6.19 10.28 19.11 10.45 6.82 8.14
7.87 7.02 4.48 5.54 4.38 2.65 4.17 3.97 3.78 7.02 5.21 24.58 10.14 9.19
8.36 6.02 3.99 5.75 4.14 1.65 5.55 2.97 5.23 5.67 4.62 11.51 21.38 13.16
7.17 4.26 2.46 2.82 4.60 4.26 5.51 3.43 4.99 4.04 5.28 11.34 10.14 29.70


Best performing model: DecisionTreeClassifier

--- Dataset Roll AGG Median ---
Model                  Accuracy Precision Recall F1-score   MCC
DecisionTreeClassifier     0.23      0.23   0.23     0.22  0.17

Detailed results for DecisionTreeClassifier:
Confusion Matrix:
38.67 9.99 6.06 6.73 6.86 3.02 2.65 2.64 3.54 4.06 3.47 6.23 3.34 2.75
17.06 36.44 7.90 9.14 5.99 2.50 1.66 1.56 1.86 3.11 3.58 4.85 2.25 2.11
20.58 17.94 19.28 13.71 5.96 4.14 1.72 2.56 1.47 2.14 2.58 4.04 2.19 1.70
15.85 14.36 10.38 34.30 5.06 2.86 2.38 1.45 2.01 2.18 2.35 3.54 1.53 1.77
18.44 7.99 5.22 6.56 19.46 8.71 4.91 1.57 4.25 4.07 5.64 4.84 3.57 4.76
14.72 6.16 5.09 5.31 11.04 18.80 8.01 2.86 2.33 3.96 7.19 4.80 3.61 6.14
13.35 7.46 4.63 4.82 9.22 10.43 15.61 3.40 3.23 3.50 5.38 6.40 5.79 6.79
12.22 4.13 5.41 4.09 7.06 6.55 9.33 11.99 6.33 4.33 7.44 8.15 3.82 9.15
14.31 4.28 5.46 3.21 6.90 4.89 3.67 5.47 11.68 8.21 11.65 9.72 4.87 5.70
11.49 5.75 4.23 3.43 5.79 3.86 2.93 3.07 5.04 14.92 14.58 11.65 5.47 7.78
11.22 6.03 2.35 3.02 5.76 4.30 2.14 4.19 4.48 7.80 25.74 11.87 4.71 6.38
11.02 6.24 3.63 3.94 4.70 2.98 2.89 2.84 3.47 4.64 6.82 29.38 8.40 9.06
12.42 6.53 4.02 4.87 5.43 1.91 4.01 3.07 4.33 4.04 7.59 12.84 17.50 11.43
9.79 4.48 1.93 2.79 5.24 4.97 4.28 2.98 3.51 3.58 8.09 12.87 8.04 27.45

RandomForestClassifier     0.28      0.28   0.28     0.27  0.23

Detailed results for RandomForestClassifier:
Confusion Matrix:
41.95 15.21 4.87 8.62 2.88 3.02 2.42 1.64 2.65 3.55 2.55 5.17 2.27 3.19
11.40 49.14 8.16 10.77 3.61 2.03 1.37 1.01 1.30 3.14 1.89 2.89 1.06 2.25
13.72 20.83 28.51 15.64 4.72 4.14 0.94 1.50 1.38 1.53 1.04 2.59 1.88 1.58
8.86 15.23 10.71 45.68 2.47 2.63 2.07 1.56 1.58 1.73 1.99 2.52 1.09 1.90
15.31 11.08 4.18 6.86 20.49 9.31 5.69 2.54 3.70 3.13 5.39 4.08 2.86 5.38
10.26 8.01 5.75 4.42 8.33 23.75 8.92 2.87 3.97 3.70 5.65 4.50 2.40 7.48
8.11 9.79 5.85 5.50 5.87 9.24 18.89 4.08 4.17 4.06 4.57 6.31 4.52 9.02
10.14 4.65 6.47 5.12 4.67 6.57 8.23 16.85 6.19 4.77 6.34 8.46 3.29 8.23
11.21 3.96 7.16 4.06 4.63 4.94 3.38 4.91 14.92 8.45 11.47 10.26 4.80 5.85
9.99 6.06 4.55 4.69 3.28 4.29 3.01 1.92 5.34 18.90 13.91 12.70 4.80 6.55
9.66 7.33 2.83 3.39 3.73 4.82 1.89 3.82 4.03 7.94 27.65 12.18 4.56 6.16
10.82 7.97 3.58 4.62 2.58 2.61 2.93 2.27 2.72 5.08 5.97 32.66 6.62 9.57
11.02 7.39 4.39 5.68 3.43 1.96 4.82 2.35 4.03 3.69 6.68 12.84 18.95 12.77
8.77 4.77 2.10 2.75 3.14 5.58 4.26 2.75 3.53 4.03 7.36 11.93 5.60 33.43

ExtraTreesClassifier       0.27      0.27   0.27     0.26  0.22

Detailed results for ExtraTreesClassifier:
Confusion Matrix:
40.95 17.53 4.30 10.29 5.16 2.11 1.71 1.43 3.69 2.31 1.48 4.68 1.27 3.10
12.55 48.29 7.96 12.41 4.63 1.93 0.92 0.56 1.29 2.04 1.81 2.72 0.70 2.18
16.01 21.11 26.99 18.55 5.41 2.75 0.60 0.52 0.96 0.72 0.89 2.39 1.79 1.31
8.14 15.02 10.06 49.39 3.50 2.16 1.75 0.92 1.37 1.37 1.99 2.33 0.32 1.67
17.41 11.16 4.19 7.13 24.12 8.35 5.01 2.57 3.67 2.36 4.30 3.87 1.75 4.10
11.58 8.96 5.47 5.07 12.97 22.14 8.39 1.82 3.89 2.74 5.08 3.72 1.89 6.29
10.21 9.71 6.18 5.91 8.56 9.41 16.21 3.60 4.97 2.84 4.33 5.58 3.45 9.02
11.51 5.24 6.99 5.30 6.61 6.87 7.05 15.61 6.18 3.06 5.83 8.13 3.10 8.52
13.68 4.07 6.83 4.46 6.75 5.13 3.30 4.65 13.76 6.62 10.27 9.91 4.30 6.27
12.43 6.26 4.08 4.76 5.04 4.76 2.54 2.86 5.47 15.91 12.74 12.58 4.06 6.50
9.92 7.64 3.63 3.59 5.63 5.21 1.58 3.45 4.62 6.69 25.75 11.89 3.21 7.18
12.02 8.32 3.22 5.16 4.30 3.44 2.25 2.37 2.84 3.86 5.49 31.24 5.31 10.18
11.72 7.49 4.26 6.60 5.95 2.26 3.52 3.52 3.48 3.39 6.71 12.25 14.93 13.91
9.21 5.22 2.21 3.44 4.74 5.50 3.72 3.03 3.21 3.94 7.40 11.16 3.98 33.24


Best performing model: RandomForestClassifier

--- Dataset Roll AGG Median ---
Model                  Accuracy Precision Recall F1-score   MCC
DecisionTreeClassifier     0.35      0.35   0.35     0.35  0.30

Detailed results for DecisionTreeClassifier:
Confusion Matrix:
38.95 6.08 5.68 5.61 5.33 5.09 4.45 4.24 4.83 3.94 4.38 3.93 4.05 3.43
6.41 38.11 9.09 7.82 5.24 3.85 4.41 3.89 3.69 4.11 3.66 3.65 3.34 2.73
6.45 9.68 31.62 10.66 5.67 5.07 4.72 4.40 4.57 4.26 3.12 3.23 3.82 2.73
5.52 8.05 10.43 38.80 5.60 4.60 4.09 3.64 3.30 4.17 3.22 3.19 3.14 2.25
5.28 5.11 5.32 4.77 33.09 7.85 6.29 5.53 5.18 4.36 4.50 3.48 4.26 4.99
5.03 3.41 4.08 3.74 7.67 34.99 8.65 5.60 4.70 4.35 4.67 4.21 3.64 5.27
3.57 4.21 4.04 3.47 5.72 8.13 33.11 7.55 5.67 4.20 5.06 4.36 5.33 5.58
4.09 3.52 3.92 3.04 4.31 6.24 7.79 33.73 7.01 5.05 5.96 4.85 5.34 5.15
4.35 2.63 4.16 2.92 4.60 4.95 5.41 7.53 32.34 7.41 7.31 5.51 5.88 5.01
3.67 2.99 3.21 3.36 3.75 4.10 4.28 5.41 7.55 34.24 10.04 6.41 5.21 5.77
3.40 3.01 2.57 2.67 3.75 4.34 4.36 5.65 6.89 8.87 36.58 6.50 5.90 5.50
3.35 3.31 2.91 2.64 3.48 4.56 4.26 5.26 5.36 7.02 6.97 35.23 8.59 7.06
3.66 3.06 3.32 3.36 3.92 3.67 4.86 5.34 5.53 5.18 6.63 7.82 35.78 7.85
3.41 2.62 2.13 2.08 4.07 5.06 5.13 5.69 4.85 5.97 6.13 7.19 8.29 37.38

RandomForestClassifier     0.59      0.59   0.59     0.59  0.56

Detailed results for RandomForestClassifier:
Confusion Matrix:
80.15 2.56 2.38 2.32 2.29 1.89 1.07 0.90 1.16 1.03 1.35 1.42 1.04 0.45
5.57 71.08 4.91 5.15 2.43 1.42 1.60 0.99 1.27 1.13 1.22 1.17 0.90 1.15
8.11 9.67 57.26 8.58 3.06 2.43 1.54 1.76 1.91 1.67 0.88 1.21 1.28 0.64
5.00 7.50 6.97 63.37 3.23 2.08 1.87 1.89 1.37 1.35 1.36 1.57 1.44 1.01
5.28 3.87 2.97 3.26 59.63 5.38 3.81 2.40 2.43 2.26 2.36 1.90 2.25 2.18
4.19 2.36 2.77 2.13 5.45 58.90 5.64 2.52 2.67 2.56 2.52 2.47 1.97 3.87
3.37 3.31 2.35 2.66 3.89 6.29 53.69 4.41 3.31 2.53 3.33 3.09 3.49 4.27
3.68 2.43 2.19 2.15 3.02 4.58 5.14 53.85 4.08 3.46 4.14 3.79 3.28 4.22
4.17 1.75 2.90 1.43 2.87 3.36 3.48 4.59 52.30 5.60 6.63 4.69 3.56 2.67
4.15 1.87 1.86 2.14 2.14 2.58 2.16 2.74 5.34 54.17 8.20 5.05 3.41 4.19
4.09 2.40 1.21 1.92 1.86 3.08 2.43 3.05 4.50 6.36 56.34 5.40 3.77 3.60
3.19 2.68 1.72 1.24 1.83 2.81 2.15 3.18 3.27 5.17 5.24 56.42 5.49 5.60
3.47 2.57 1.87 2.08 2.53 2.10 2.58 3.88 3.63 3.04 5.14 6.21 54.94 5.96
3.57 1.74 0.92 1.29 2.17 3.79 2.89 3.28 3.36 4.23 5.12 5.63 6.42 55.58

ExtraTreesClassifier       0.64      0.64   0.64     0.64  0.61

Detailed results for ExtraTreesClassifier:
Confusion Matrix:
84.33 1.88 2.04 1.97 1.78 1.40 0.87 0.60 1.10 0.69 1.06 1.04 0.77 0.45
4.74 75.96 4.25 4.23 2.03 1.07 1.52 0.80 1.04 0.82 1.01 0.83 0.75 0.95
6.99 8.77 62.79 7.69 2.58 1.94 1.40 1.35 1.67 1.42 0.78 1.05 1.05 0.52
4.48 6.77 6.63 67.15 2.79 1.74 1.72 1.48 1.25 1.14 1.16 1.37 1.35 0.96
4.04 3.39 2.57 2.91 65.64 4.56 3.23 2.18 2.08 1.89 1.97 1.67 1.92 1.95
3.39 1.86 2.36 1.69 4.60 64.23 5.23 2.23 2.32 2.25 2.30 2.26 1.77 3.50
2.94 2.93 2.19 2.41 3.54 5.37 58.43 4.09 3.06 2.15 2.94 2.76 3.18 4.01
2.97 2.13 2.04 1.82 2.62 3.86 4.68 59.46 3.72 2.72 3.72 3.31 3.20 3.75
3.54 1.49 2.47 1.19 2.40 2.80 3.12 4.07 58.17 4.94 5.92 4.21 3.21 2.47
3.34 1.59 1.51 1.74 2.05 2.27 2.08 2.65 4.69 58.85 7.69 4.73 2.91 3.91
3.30 2.00 1.06 1.86 1.66 2.76 2.06 2.86 3.93 5.85 60.85 4.85 3.53 3.41
2.67 2.50 1.65 1.11 1.64 2.44 1.86 3.03 3.09 4.53 4.72 60.62 4.92 5.21
2.87 2.09 1.70 1.75 2.13 1.79 2.21 3.38 3.28 2.92 4.85 5.72 59.63 5.69
3.03 1.41 0.78 1.08 1.86 3.22 2.72 3.05 3.02 4.26 4.89 5.31 5.84 59.54

Bagging                    0.46      0.46   0.46     0.46  0.42

Detailed results for Bagging:
Confusion Matrix:
64.97 4.66 4.29 3.83 4.13 3.42 2.14 1.97 2.55 1.79 1.86 1.62 1.62 1.16
9.21 57.78 7.36 5.99 3.64 2.26 2.64 1.84 1.61 1.86 1.52 1.47 1.43 1.40
9.96 12.52 45.77 9.43 4.41 3.22 2.54 2.24 2.44 2.14 1.26 1.38 1.74 0.94
7.30 9.31 10.49 51.62 4.20 2.70 2.38 2.06 1.75 2.05 1.72 1.66 1.74 1.03
7.81 5.67 5.20 4.48 46.66 6.42 4.59 3.52 3.18 3.00 2.58 2.11 2.30 2.48
6.60 3.69 3.96 3.19 8.02 47.07 7.06 3.63 2.76 2.71 2.76 2.81 2.22 3.52
5.06 5.16 4.10 3.23 6.23 8.35 42.40 5.26 3.87 2.87 3.12 2.77 3.60 3.99
5.74 3.52 3.82 2.80 4.77 6.08 7.31 41.93 5.39 3.66 3.98 3.38 3.60 4.01
6.10 3.10 4.11 2.50 4.77 4.77 5.01 6.50 39.72 6.07 6.24 4.22 3.80 3.09
5.45 3.33 3.47 2.92 3.96 3.89 3.77 4.26 6.92 41.58 8.18 4.85 3.47 3.96
5.16 3.33 2.32 2.55 3.43 4.41 3.84 5.02 6.50 8.28 42.12 5.30 3.92 3.79
4.67 3.67 2.58 2.04 3.04 4.48 3.94 4.67 4.69 6.26 6.24 42.07 6.30 5.35
5.52 3.55 3.00 2.99 3.33 3.66 4.36 4.91 4.96 4.25 5.92 6.36 41.31 5.89
4.82 2.44 1.65 1.67 3.73 5.35 4.71 4.79 4.35 5.50 5.67 6.15 7.24 41.94


Best performing model: ExtraTreesClassifier

--- Dataset Train ---
Model                  Accuracy Precision Recall F1-score   MCC
DecisionTreeClassifier     0.21      0.21   0.21     0.21  0.15
RandomForestClassifier     0.21      0.22   0.21     0.21  0.16
ExtraTreesClassifier       0.21      0.21   0.21     0.20  0.15

Best performing model: RandomForestClassifier

--- Dataset AGG Median ---
Model                  Accuracy Precision Recall F1-score   MCC
DecisionTreeClassifier     0.21      0.21   0.21     0.21  0.15
RandomForestClassifier     0.21      0.22   0.21     0.21  0.16
ExtraTreesClassifier       0.21      0.21   0.21     0.20  0.15

Best performing model: RandomForestClassifier

--- Dataset AGG Median ---
Model                  Accuracy Precision Recall F1-score   MCC
DecisionTreeClassifier     0.22      0.22   0.22     0.21  0.16
RandomForestClassifier     0.22      0.22   0.22     0.21  0.16
ExtraTreesClassifier       0.22      0.22   0.22     0.21  0.16
Bagging                    0.22      0.22   0.22     0.21  0.15

Best performing model: DecisionTreeClassifier

--- Dataset Roll AGG Median ---
Model                  Accuracy Precision Recall F1-score   MCC
DecisionTreeClassifier     0.23      0.23   0.23     0.22  0.17
RandomForestClassifier     0.28      0.28   0.28     0.27  0.23
ExtraTreesClassifier       0.27      0.27   0.27     0.26  0.22

Best performing model: RandomForestClassifier

--- Dataset Roll AGG Median ---
Model                  Accuracy Precision Recall F1-score   MCC
DecisionTreeClassifier     0.35      0.35   0.35     0.35  0.30
RandomForestClassifier     0.59      0.59   0.59     0.59  0.56
ExtraTreesClassifier       0.64      0.64   0.64     0.64  0.61
Bagging                    0.46      0.46   0.46     0.46  0.42

Best performing model: ExtraTreesClassifier
